m = [1;0;0;1];

m2 = [1,0,0,1];